camera_matrix: [1069.349976, 0.000000, 966.229980, 0.0,
                 0.000000, 1070.140015, 524.611023, 0.0,
                 0.000000, 0.000000, 1.000000, 0.0]

distortion: [-0.074171, 0.061062, 0.000193, 0.000401, -0.026092]

rlc: [0.998633, -0.000237, 0.052270,
       -0.000022, 0.999988, 0.004961,
       -0.052270, -0.004955, 0.998621]

tlc: [0.139137, 0.053356, -0.048826]
