camera_matrix: [1069.3499755859375, 0.0, 966.22998046875, 0.0,
                0.0, 1070.1400146484375, 524.6110229492188, 0.0,
                0.0, 0.0, 1.0, 0.000000]

rlc: [ 0.970203, 0.015471, 0.241797,
      -0.017466, 0.999829, 0.006110,
      -0.241661, -0.010152, 0.970307]

tlc: [ 0.409826, 0.088673, 0.253389]


# [SWAN] *** Transformation ***
# [ INFO] [1715238580.121018350]: 0.970203, 0.015471, 0.241797, 0.409826
# [ INFO] [1715238580.121057646]: -0.017466, 0.999829, 0.006110, 0.088673
# [ INFO] [1715238580.121096973]: -0.241661, -0.010152, 0.970307, 0.253389
# [ INFO] [1715238580.121134797]: 0.000000, 0.000000, 0.000000, 1.000000

# 1069.3499755859375, 0.0, 966.22998046875, 0.0,
#  0.0, 1070.1400146484375, 524.6110229492188, 0.0,
#   0.0, 0.0, 1.0 ,0.000000