# P
camera_matrix: [534.0449829101562,  0.0,               488.385009765625,      0.0,
                0.0,                534.135009765625,  287.02301025390625,    0.0,
                0.0,                0.0,               1.0,                   0.0]

# D
distortion: [-1.4601999521255493, 2.9577999114990234, 0.09719640016555786, -0.00012807300663553178, 0.0002448559971526265]

# L_p = L_R_C * C_p + L_t_C

# L_R_C
rlc: [ 4.25820838e-02,  1.68179340e-01, 9.84836268e-01,
      -9.99060943e-01, -7.25219319e-04, 4.33209713e-02,
       7.99991467e-03, -9.85756148e-01, 1.67990529e-01]

# L_t_C
tlc: [0.1721, -0.0329, -0.0335]

# Additional transformation (rotation)
transform: [ 0.000515, -0.011043, -0.999939, 0.000000,
            -0.011043, 0.999878, -0.011048, 0.000000,
             0.999939, 0.011048, 0.000393, 0.000000,
             0.000000, 0.000000, 0.000000, 1.000000]