camera_matrix: [81053.317761, 0.000000,       966.701528,     0.000000,
                0.000000,     1053.098120,    607.956075,     0.000000,
                0.000000,     0.000000,       1.000000,       0.000000]

distortion: [-0.143641, 0.059996, -0.000430, -0.000093, 0.000000]

# L_p = L_R_C * C_p + L_t_C

# L_R_C
rlc: [-0.032190,  0.999474, -0.004033,
      -0.999213, -0.032274, -0.023050,
      -0.023168,  0.003288,  0.999726]

# L_t_C
tlc: [0.066882, -0.114968, -0.059472]


